91.74059295654297
79.9918441772461
68.75749969482422
55.970306396484375
38.26918411254883
22.159381866455078
15.586336135864258
13.17632007598877
8.235308647155762
10.067264556884766
7.6976189613342285
9.511087417602539
9.573058128356934
7.88653564453125
8.757697105407715
8.647374153137207
7.753170490264893
8.29772663116455
8.123387336730957
7.614071846008301
8.046736717224121
6.897280693054199
6.683952331542969
6.8670973777771
7.330511093139648
6.471123695373535
6.205725193023682
6.034188747406006
6.516674518585205
6.466968536376953
6.010101318359375
6.669103622436523
6.402915954589844
6.097318172454834
6.088170051574707
6.311107158660889
5.607522487640381
5.973433971405029
6.411101341247559
6.1157426834106445
6.137472629547119
5.884511947631836
6.055445671081543
5.78910493850708
5.935016632080078
5.706051826477051
5.8182854652404785
6.079459190368652
4.922533988952637
5.213791847229004
5.274946689605713
5.2167134284973145
5.703821659088135
5.715126991271973
5.200489521026611
5.155247688293457
6.055649757385254
5.567485809326172
5.715640544891357
5.729996681213379
5.138876438140869
5.954694747924805
5.184149742126465
7.629970550537109
5.287475109100342
5.422983169555664
5.508212089538574
5.126889705657959
4.913029193878174
5.207729339599609
5.026159286499023
4.977104187011719
5.036262035369873
5.160353183746338
5.323584079742432
4.788359642028809
5.210819721221924
4.987531661987305
5.121919631958008
5.218256950378418
5.132447242736816
4.745482444763184
5.232139587402344
5.534590244293213
4.931202411651611
5.213805675506592
5.04550313949585
5.198591709136963
5.29716157913208
5.213193416595459
5.165702819824219
4.799495697021484
4.9910712242126465
5.525692939758301
5.098942279815674
4.936654567718506
5.191492080688477
5.421929359436035
4.3544793128967285
5.267802715301514
4.722781181335449
5.797858715057373
4.629203796386719
4.894045829772949
5.001957416534424
4.870373725891113
5.084820747375488
4.6588945388793945
4.176155090332031
4.441639423370361
4.639895439147949
4.479661464691162
4.429914474487305
4.1989426612854
4.652353763580322
5.048831462860107
4.945237159729004
4.7277069091796875
4.74461030960083
4.733758449554443
4.461060523986816
4.672945022583008
4.426451683044434
4.95859432220459
5.426733016967773
4.991197109222412
6.163457870483398
4.538167953491211
4.763754844665527
5.126522541046143
4.732726097106934
4.632389545440674
4.519361972808838
4.811007022857666
4.668055534362793
4.798209190368652
4.770729064941406
4.611422061920166
4.32721471786499
4.263954162597656
4.777744770050049
5.251439094543457
4.738199234008789
5.053833484649658
4.2657551765441895
4.307743072509766
5.283142566680908
4.186347484588623
4.157397270202637
4.461655139923096
4.27110481262207
5.133384704589844
3.754990816116333
4.694916248321533
4.551449298858643
4.779880523681641
4.657262325286865
4.985034465789795
4.620759963989258
4.087913990020752
4.781225681304932
4.27299690246582
4.147100448608398
4.550572872161865
4.988486289978027
4.471332550048828
4.280756950378418
4.548251628875732
5.05197811126709
4.193044662475586
4.3724870681762695
4.9244513511657715
4.564386367797852
4.352607727050781
4.226134777069092
4.861857891082764
4.550253391265869
4.601253509521484
4.4183197021484375
4.592724323272705
4.699891090393066
4.6787896156311035
4.36822509765625
4.962830066680908
4.296884059906006
4.360354423522949
4.554897308349609
4.285973072052002
4.373986721038818
4.106499671936035
4.599745273590088
4.489161014556885
4.467133045196533
4.394032955169678
4.26349401473999
4.764632701873779
5.124501705169678
4.656911373138428
3.748211622238159
4.310923099517822
4.33344030380249
4.169996738433838
4.3526387214660645
4.307161331176758
4.955799579620361
4.57943868637085
5.2718586921691895
4.730049133300781
5.028512954711914
4.521975040435791
4.08469295501709
4.816774845123291
4.224055767059326
4.501616954803467
4.084014415740967
4.546735763549805
4.418357849121094
4.187121868133545
4.413710594177246
4.167099475860596
4.2711005210876465
4.8235979080200195
4.218987941741943
4.322926044464111
3.8113253116607666
4.240542411804199
4.249851703643799
5.242584705352783
4.8192901611328125
4.2235894203186035
4.553806304931641
4.37542724609375
4.531571865081787
4.573937892913818
4.068775177001953
3.6782944202423096
3.6381423473358154
4.338933944702148
3.973411798477173
4.25018310546875
4.481686115264893
4.4276509284973145
4.964322090148926
4.212956428527832
4.515571594238281
4.21262788772583
4.090682029724121
4.292590141296387
4.494397163391113
4.686037063598633
4.069125652313232
4.311500549316406
4.584738731384277
4.402591705322266
4.3264241218566895
3.98647403717041
3.8489668369293213
3.747375726699829
3.766479969024658
4.246036052703857
3.8281073570251465
4.0868377685546875
3.0985662937164307
4.2920026779174805
3.7320919036865234
4.181647300720215
4.403804779052734
4.475822448730469
3.9618427753448486
3.604705810546875
4.7589802742004395
4.344064235687256
3.99458384513855
4.872256278991699
4.19416618347168
4.243310928344727
4.59866189956665
3.9799137115478516
3.9117209911346436
4.008510112762451
3.70906138420105
4.784910678863525
4.203633785247803
4.9953179359436035
4.057228088378906
3.9807770252227783
4.433076858520508
4.3346405029296875
3.8300836086273193
5.099963188171387
3.44207501411438
3.9988629817962646
3.8100104331970215
3.6558384895324707
4.145910739898682
4.283028602600098
4.051287651062012
3.8893749713897705
3.891523838043213
4.001608848571777
4.038571357727051
3.933131217956543
3.4767866134643555
4.184961795806885
4.446829319000244
3.7239990234375
4.260849952697754
4.518773555755615
4.2918477058410645
4.320922374725342
4.362415790557861
3.9417788982391357
3.8839070796966553
3.8215341567993164
3.6615684032440186
4.235661029815674
4.693374156951904
4.201042652130127
4.919361591339111
6.191768169403076
4.23741340637207
3.836434841156006
4.190700054168701
3.9185688495635986
3.712381362915039
3.5828628540039062
4.088145732879639
3.8802008628845215
3.6225178241729736
3.9980082511901855
3.882369041442871
3.9528563022613525
4.3199992179870605
3.8161380290985107
3.1237900257110596
4.747200965881348
3.8764045238494873
3.527209758758545
3.920863389968872
3.7517120838165283
3.9825804233551025
3.6028828620910645
3.863499879837036
3.798462390899658
3.8549795150756836
3.9226632118225098
3.977006435394287
4.532244682312012
3.857414960861206
3.572204828262329
4.013313293457031
3.709303855895996
4.342374801635742
3.95813250541687
3.850254535675049
3.5649800300598145
3.9734911918640137
4.1636962890625
4.088815689086914
4.14496374130249
3.820517063140869
4.122832775115967
4.701913833618164
3.682356357574463
3.975543975830078
4.318319797515869
4.123652935028076
4.119308948516846
3.421236753463745
4.033076286315918
4.409958839416504
4.058343410491943
4.12458610534668
4.120511054992676
4.570056915283203
4.01351261138916
3.814340114593506
3.582030773162842
4.173039436340332
4.410394668579102
4.031838893890381
4.041005611419678
3.846505880355835
3.37203311920166
4.093916893005371
4.140919208526611
3.314624071121216
3.5497233867645264
4.39082670211792
3.7870540618896484
3.7503058910369873
4.290223121643066
3.5533084869384766
3.622990369796753
4.383075714111328
4.126730442047119
4.058847904205322
3.8002498149871826
3.8951358795166016
3.407835006713867
3.8929576873779297
4.331105709075928
3.931274175643921
4.11310338973999
4.489230632781982
4.916689395904541
4.208064556121826
4.621704578399658
4.09000301361084
3.7040703296661377
3.432058095932007
3.4353818893432617
3.9008829593658447
3.7685132026672363
3.9471435546875
3.747786283493042
3.395669460296631
3.8088629245758057
3.8159830570220947
3.9781177043914795
4.11741828918457
3.528809070587158
3.8574516773223877
3.8193743228912354
3.407942056655884
3.380263566970825
4.120948791503906
3.8866000175476074
3.82692813873291
3.501904249191284
3.7163503170013428
3.794726848602295
4.212616443634033
3.8044471740722656
4.120667934417725
3.967421293258667
4.197513103485107
4.049131393432617
4.367873191833496
3.6633477210998535
4.660496234893799
3.0944571495056152
4.134965419769287
3.4995853900909424
3.6478946208953857
3.6824870109558105
3.998765468597412
3.537503719329834
4.465205192565918
3.8459129333496094
4.181535720825195
3.7382915019989014
3.839677333831787
3.6674466133117676
4.092650413513184
4.1409783363342285
3.6841208934783936
3.269831657409668
3.8882176876068115
3.6347849369049072
3.6258740425109863
3.8035945892333984
3.503105878829956
3.5435101985931396
3.6740307807922363
3.9857168197631836
3.5406510829925537
4.439241886138916
3.7835519313812256
3.5717995166778564
3.731381893157959
3.479426860809326
4.008628845214844
3.809856414794922
3.6002237796783447
4.066317081451416
4.100289821624756
3.99307918548584
4.771944046020508
4.301914215087891
4.006163597106934
3.6970608234405518
4.188074588775635
3.9423158168792725
4.595211982727051
3.7355082035064697
3.5379445552825928
4.050380706787109
3.679100513458252
4.327432632446289
4.630762577056885
3.628666639328003
3.680067300796509
3.5911543369293213
4.069867134094238
3.8089826107025146
3.5103702545166016
4.122313022613525
4.174986362457275
3.512373685836792
3.3620505332946777
3.6609060764312744
3.7647175788879395
3.6746914386749268
3.4643428325653076
4.306885719299316
4.224276065826416
3.756561517715454
3.77146053314209
3.7243876457214355
4.1461358070373535
3.586576461791992
3.65339994430542
3.6873202323913574
3.7061562538146973
4.146648406982422
3.7984535694122314
3.5957064628601074
3.890674352645874
4.536465167999268
3.184262275695801
3.4833555221557617
3.7470948696136475
4.064723014831543
3.4729361534118652
3.7972919940948486
3.8600666522979736
3.878659963607788
3.759983777999878
4.020751476287842
3.4451167583465576
3.499528408050537
3.308842420578003
3.6772122383117676
3.1588878631591797
3.339749574661255
3.1927196979522705
3.9950315952301025
4.414020538330078
3.670339822769165
3.783799648284912
3.6887354850769043
3.3856923580169678
4.022317886352539
3.5340654850006104
4.085829734802246
3.3612220287323
3.6864447593688965
3.7286479473114014
3.4197237491607666
4.401110649108887
3.807447671890259
3.5260815620422363
3.681931734085083
3.3489720821380615
3.550779104232788
3.9938831329345703
3.885039806365967
3.692514657974243
3.5155818462371826
3.5488028526306152
4.158695220947266
3.603508234024048
3.8822827339172363
4.273104667663574
3.4374561309814453
3.8895184993743896
3.7867021560668945
3.1394834518432617
3.6199588775634766
3.7169814109802246
3.6504478454589844
3.189354658126831
3.5885589122772217
3.201777696609497
3.8937289714813232
3.622626543045044
3.944880962371826
3.3015639781951904
3.819087028503418
3.564178466796875
3.5777454376220703
3.970733165740967
3.4045116901397705
3.212451934814453
3.7269368171691895
3.396347761154175
3.902736186981201
4.127889633178711
3.961923599243164
3.635728359222412
3.916796922683716
3.3550617694854736
4.181183815002441
4.146172523498535
3.6732726097106934
3.4222118854522705
3.344231128692627
3.312824249267578
3.5442278385162354
3.3801846504211426
3.706587791442871
3.418696641921997
4.060826301574707
3.362668752670288
3.6030123233795166
4.0535759925842285
3.816696882247925
3.784109115600586
3.803950071334839
3.9693338871002197
4.07615852355957
3.641613483428955
3.7945382595062256
3.733478307723999
3.9511075019836426
3.922016143798828
3.429774761199951
3.4499967098236084
3.777451992034912
3.5783181190490723
3.3749125003814697
3.6885111331939697
3.9626498222351074
3.9201130867004395
4.01865816116333
3.69425106048584
3.65748929977417
3.726285219192505
3.0176522731781006
4.087168216705322
3.7590434551239014
3.641293525695801
3.82973313331604
3.5766406059265137
4.213606834411621
3.9111874103546143
3.7106096744537354
3.6664955615997314
3.8163564205169678
3.4877538681030273
3.8691904544830322
3.875737190246582
3.104012966156006
4.304542064666748
3.644942045211792
3.9806582927703857
3.413377285003662
3.2775766849517822
3.4987215995788574
3.713785409927368
3.7121846675872803
3.974996566772461
4.122750759124756
3.341038942337036
3.2668304443359375
3.332233190536499
3.5328879356384277
3.399109125137329
3.5680904388427734
3.778564453125
3.9743106365203857
3.5559780597686768
3.70658016204834
3.6978061199188232
4.17306661605835
3.6187450885772705
3.7001185417175293
3.411804676055908
4.180776596069336
3.3600809574127197
3.502880334854126
3.5125010013580322
3.9565634727478027
3.6791279315948486
3.934938669204712
4.216881275177002
4.194649696350098
3.4413769245147705
3.4233319759368896
4.042524814605713
4.112850666046143
3.98876953125
3.4132256507873535
4.47806978225708
3.7356116771698
3.665677785873413
3.8456931114196777
3.452042818069458
3.532788038253784
3.2365598678588867
3.402094602584839
4.211007595062256
4.185500621795654
3.5213112831115723
3.27713680267334
2.952538013458252
3.311171054840088
3.895177125930786
3.6194164752960205
3.5273523330688477
3.6735146045684814
3.560755968093872
3.6857950687408447
4.082639217376709
3.8954625129699707
3.492032527923584
3.893000602722168
3.640042543411255
4.54693603515625
3.4183895587921143
3.7600674629211426
3.154541015625
4.291597366333008
3.7469561100006104
3.181622266769409
3.605215311050415
3.659231185913086
3.442701578140259
3.2808122634887695
3.1016342639923096
3.395406723022461
3.9196243286132812
3.8743929862976074
3.877073287963867
3.6213812828063965
3.6207659244537354
3.4637904167175293
3.719334125518799
3.831496000289917
3.5038883686065674
3.746795654296875
3.74705171585083
3.766381025314331
4.153626918792725
3.648716926574707
6.032731533050537
3.946687698364258
2.858853816986084
3.619659423828125
4.110386371612549
3.55064058303833
3.694368839263916
3.4841716289520264
3.1637017726898193
3.7352230548858643
3.552182674407959
4.168598651885986
3.8461649417877197
4.460059642791748
3.5512804985046387
3.442913055419922
3.274271249771118
3.6716055870056152
3.5756337642669678
3.1526079177856445
3.4598746299743652
3.3445370197296143
3.5000953674316406
3.6997578144073486
3.9056036472320557
4.244861602783203
3.432827949523926
3.792050838470459
4.032294750213623
3.6713969707489014
3.4405477046966553
3.3560001850128174
3.8883914947509766
3.2516534328460693
3.4411818981170654
3.376469373703003
3.2216200828552246
4.121583938598633
3.4141387939453125
3.63677978515625
3.445199489593506
3.4037599563598633
3.4844491481781006
4.255497932434082
2.8746325969696045
3.1199350357055664
3.8127753734588623
3.9061923027038574
4.216446876525879
3.7376325130462646
3.7534072399139404
4.682419300079346
3.6361172199249268
3.4110846519470215
3.4755096435546875
3.383721351623535
3.0421433448791504
3.4959118366241455
3.809314012527466
3.301704168319702
3.6198012828826904
3.209470748901367
3.6586432456970215
3.683067798614502
3.578605890274048
3.5989115238189697
3.3707103729248047
3.673044443130493
3.794348955154419
3.63407564163208
3.2686426639556885
3.4544641971588135
3.537057399749756
3.6724038124084473
3.851905345916748
3.7435667514801025
3.703831434249878
3.3679003715515137
3.665531873703003
3.752704620361328
3.363656759262085
3.360954761505127
3.591921329498291
3.518277168273926
3.365574598312378
3.3055074214935303
3.668121576309204
4.210007190704346
3.5117576122283936
3.5732483863830566
3.44303560256958
3.6344990730285645
3.7004153728485107
3.6154489517211914
3.3624980449676514
4.196110725402832
3.7060458660125732
3.0614731311798096
3.475146532058716
3.660623550415039
3.8635566234588623
3.3750646114349365
3.586312770843506
3.318060874938965
3.3312814235687256
4.16776704788208
3.587153434753418
3.4635868072509766
3.6079909801483154
4.001046657562256
3.695878505706787
3.5168418884277344
3.56294846534729
3.418720245361328
3.454883575439453
3.846306562423706
3.5955140590667725
3.429175615310669
3.424090623855591
3.0844948291778564
3.421299934387207
3.162163496017456
3.5581777095794678
3.5377583503723145
3.663708209991455
3.776108980178833
3.0807747840881348
3.7747209072113037
3.4945359230041504
4.0847601890563965
3.6940698623657227
4.229307174682617
3.5127739906311035
3.6723663806915283
4.1504082679748535
3.392014265060425
3.091080904006958
3.4043233394622803
3.432581663131714
3.6277058124542236
3.900739908218384
3.3086957931518555
3.8626632690429688
3.5276997089385986
3.4486494064331055
3.6239984035491943
4.064870834350586
3.3040127754211426
3.9272689819335938
3.60140323638916
3.9061014652252197
3.1511192321777344
3.3771872520446777
3.508096694946289
3.5282535552978516
3.439669370651245
3.3100013732910156
3.371281623840332
3.277549982070923
3.7216954231262207
3.118960380554199
3.3224048614501953
3.186371088027954
3.162978172302246
4.071191787719727
3.159888982772827
3.3835630416870117
3.690978527069092
3.1347780227661133
3.404667615890503
2.9190587997436523
3.3742666244506836
3.3362908363342285
3.4158775806427
4.767853736877441
3.2191853523254395
3.605886697769165
3.2768163681030273
3.9790775775909424
3.417269468307495
3.5685250759124756
3.9522757530212402
3.682666540145874
3.4588143825531006
3.637835741043091
2.8762550354003906
3.1072611808776855
3.7499217987060547
3.9848885536193848
3.635472059249878
3.4028916358947754
4.508021831512451
3.742544412612915
3.8706862926483154
3.5615994930267334
3.3563356399536133
3.1670336723327637
4.098996162414551
4.335452556610107
3.783984661102295
3.450503349304199
3.3475418090820312
3.8770785331726074
3.522563934326172
3.57366943359375
3.7969536781311035
4.012948513031006
3.058399200439453
3.755980968475342
3.5868237018585205
3.5160017013549805
4.015594005584717
3.3127360343933105
3.5085203647613525
3.541999578475952
3.3128092288970947
4.029121398925781
4.301117420196533
3.2005739212036133
3.7835988998413086
3.832247018814087
3.6748783588409424
3.140507459640503
3.663431406021118
3.950012683868408
3.9068214893341064
3.7873075008392334
3.4099936485290527
3.8431949615478516
3.535792827606201
2.816279411315918
3.826066255569458
3.8434462547302246
3.2158727645874023
3.317514419555664
3.878244400024414
3.368807792663574
3.533405303955078
3.5514917373657227
3.3201422691345215
3.7400805950164795
4.424938201904297
3.5628862380981445
3.485370397567749
3.903231620788574
3.6528022289276123
3.9069557189941406
3.703866958618164
3.63448166847229
3.523158550262451
3.4338741302490234
3.5589232444763184
3.2442402839660645
4.112681865692139
3.572046995162964
3.538989543914795
3.215893507003784
3.225369691848755
3.3478710651397705
3.808276414871216
3.4001846313476562
3.496628761291504
3.4686930179595947
3.437134265899658
3.603611707687378
3.176358699798584
3.265526294708252
3.904430627822876
3.308013677597046
3.5074236392974854
3.7474234104156494
3.336055040359497
3.192901611328125
3.5580317974090576
3.479262590408325
4.18474817276001
3.515848159790039
3.6091339588165283
3.4618172645568848
3.4650213718414307
3.3525850772857666
3.6897218227386475
3.26568603515625
3.45945143699646
3.4584121704101562
3.2938461303710938
3.194550037384033
3.9307661056518555
3.063128709793091
3.475881338119507
4.039884090423584
2.9878082275390625
3.5824239253997803
3.512990713119507
3.3498642444610596
3.430790901184082
2.904866933822632
3.3883748054504395
3.3272929191589355
3.2502505779266357
3.6039552688598633
3.792865037918091
3.8005669116973877
3.125703811645508
3.4298312664031982
3.441840887069702
3.60302734375
3.530606746673584
3.680628538131714
3.538952112197876
3.63815975189209
3.6163134574890137
3.5504672527313232
3.822145700454712
3.537605047225952
3.3236498832702637
3.7200334072113037
3.586902141571045
4.072266578674316
3.4090728759765625
3.7492423057556152
3.5785887241363525
3.552793025970459
3.380099296569824
3.459122657775879
3.201425075531006
3.610417366027832
3.5119378566741943
3.2851641178131104
3.1481575965881348
3.13754940032959
3.3121464252471924
3.865828514099121
3.9947640895843506
3.7055633068084717
3.6370670795440674
3.1729838848114014
4.062859535217285
3.6903727054595947
3.556804656982422
3.5064895153045654
3.6973254680633545
3.283738136291504
3.2527410984039307
3.377119302749634
3.6443932056427
3.1175544261932373
3.4735007286071777
3.6477906703948975
3.855494260787964
3.1902260780334473
3.7724058628082275
3.9538488388061523
3.3804867267608643
3.467275619506836
2.934391975402832
3.1431474685668945
3.9308223724365234
3.29386043548584
3.4552054405212402
3.742645502090454
3.178616523742676
3.8161063194274902
3.455721855163574
3.144253969192505
3.4465835094451904
3.5192031860351562
3.669677734375
3.4382100105285645
3.714944362640381
3.789680004119873
3.6459848880767822
2.9467556476593018
3.859224557876587
3.678234815597534
3.0096688270568848
2.916522264480591
3.4090049266815186
2.840772867202759
3.794694662094116
3.4593279361724854
3.29597806930542
3.473193407058716
3.3642706871032715
3.3804738521575928
3.2081165313720703
3.288723945617676
3.1951539516448975
3.493560791015625
3.7807133197784424
3.5783140659332275
3.300954818725586
3.609657049179077
3.604501724243164
3.513417959213257
3.7677736282348633
3.4935898780822754
3.7367687225341797
3.433082103729248
3.0464529991149902
3.5331170558929443
3.2095956802368164
3.2654922008514404
3.490953207015991
3.213608980178833
3.35153865814209
3.649109125137329
3.569281816482544
3.9028255939483643
3.4888412952423096
3.0027921199798584
3.882981061935425
3.3748300075531006
3.598543643951416
3.6190717220306396
3.6195085048675537
2.759389638900757
3.2742786407470703
3.028103828430176
3.324899673461914
4.059222221374512
4.1079559326171875
3.0854697227478027
3.424403429031372
4.013275623321533
3.215160846710205
3.3811891078948975
3.249606132507324
3.5348498821258545
3.3594810962677
3.962975025177002
3.0150656700134277
3.03128719329834
3.915818452835083
3.1977405548095703
3.536120891571045
3.571500062942505
3.2446882724761963
2.8649802207946777
3.3834304809570312
3.315582752227783
3.6391842365264893
3.4636921882629395
3.0330748558044434
4.11530065536499
4.039420127868652
3.2287344932556152
3.565756320953369
3.5523664951324463
3.796323299407959
3.151747703552246
3.1021435260772705
3.794543743133545
3.989896297454834
3.480405569076538
3.804802179336548
3.6605498790740967
3.3680717945098877
3.3953874111175537
3.1178102493286133
3.6817848682403564
3.0701582431793213
4.8870344161987305
3.3122220039367676
3.825869083404541
3.516448736190796
3.6565651893615723
3.4627866744995117
3.330439567565918
3.7483551502227783
3.8828933238983154
3.6998939514160156
3.2929208278656006
3.485168218612671
3.239605665206909
3.5176215171813965
3.1110761165618896
3.342344284057617
3.4429523944854736
2.9948606491088867
3.5602188110351562
3.519890069961548
3.262831926345825
3.6050829887390137
3.8380439281463623
3.7396719455718994
3.153413772583008
3.3852109909057617
3.363161087036133
3.3916068077087402
4.293890953063965
3.2506024837493896
3.555972099304199
3.3238322734832764
3.7315480709075928
3.487311601638794
3.530526876449585
3.9783852100372314
3.718672275543213
3.049497365951538
3.5421223640441895
3.0399415493011475
3.0224571228027344
3.456772804260254
3.4844412803649902
3.1495110988616943
3.2248666286468506
3.69387149810791
3.119051694869995
3.3720552921295166
3.098849058151245
3.2715775966644287
4.098451614379883
3.155257225036621
3.5210437774658203
3.2526907920837402
3.3120875358581543
3.20479416847229
3.253736972808838
3.1583774089813232
3.390888214111328
3.3126087188720703
3.170261859893799
3.88840913772583
3.126971483230591
3.9579029083251953
2.994826078414917
3.37636137008667
3.6865029335021973
3.6446526050567627
3.452664613723755
3.2935476303100586
3.689816474914551
3.6774377822875977
3.3376595973968506
3.206510066986084
3.440880537033081
3.2082934379577637
3.842365264892578
3.8239002227783203
3.2433464527130127
3.053079605102539
3.7094647884368896
3.8708298206329346
3.398808002471924
3.3603596687316895
3.136885643005371
3.0360288619995117
3.034198760986328
3.591506004333496
3.4716272354125977
3.399439811706543
3.5822973251342773
3.5411815643310547
3.7394602298736572
3.6997923851013184
2.91120982170105
3.315498113632202
3.217580795288086
3.366774797439575
4.246415138244629
3.2736921310424805
3.352489948272705
2.956207513809204
3.611457347869873
3.2669758796691895
3.1069390773773193
3.288193702697754
3.667752504348755
3.3323681354522705
3.1813764572143555
3.367987871170044
3.2564537525177
3.117720603942871
2.7909812927246094
3.1282970905303955
3.7494521141052246
3.7704403400421143
3.2672667503356934
3.2674200534820557
3.5197341442108154
3.474161148071289
4.123359203338623
3.8651392459869385
3.6975038051605225
3.9918911457061768
4.031741619110107
3.105229377746582
3.515183925628662
3.7562882900238037
3.2061378955841064
3.331418037414551
3.644191265106201
3.2335972785949707
3.4222333431243896
3.703456401824951
3.543280601501465
3.7735085487365723
3.2654149532318115
3.7812395095825195
3.9083685874938965
3.7680561542510986
4.212334632873535
3.1495795249938965
3.524327516555786
3.161407947540283
3.652805805206299
3.748448610305786
3.8176069259643555
3.2579634189605713
3.8519365787506104
3.274200677871704
3.18424129486084
3.2819764614105225
3.914917469024658
3.4727330207824707
3.2875075340270996
3.1315879821777344
3.7831666469573975
3.466175079345703
3.0193257331848145
3.1361124515533447
3.628458023071289
3.5330450534820557
3.557291030883789
3.3815057277679443
3.9972610473632812
2.7495274543762207
3.2174413204193115
3.329348564147949
3.4867794513702393
3.0241193771362305
3.7391602993011475
3.2565131187438965
3.781802177429199
3.0977182388305664
3.81215500831604
3.6619772911071777
3.284726142883301
3.391791582107544
3.3522720336914062
3.8718409538269043
3.1741015911102295
3.197110414505005
3.6252779960632324
2.7632362842559814
3.7136051654815674
3.3049514293670654
3.54306697845459
3.5280954837799072
3.3650920391082764
3.527172803878784
3.261530876159668
3.3141560554504395
3.9050793647766113
3.2316482067108154
3.5570390224456787
3.2039101123809814
3.5367956161499023
3.3960063457489014
3.0318171977996826
3.248283624649048
3.6259679794311523
3.5316410064697266
3.1437156200408936
3.6694447994232178
3.211574077606201
2.8858256340026855
3.325129270553589
3.3322150707244873
3.594115734100342
3.214282512664795
3.6305387020111084
3.492514133453369
3.3097598552703857
3.455049514770508
3.4880383014678955
3.266935348510742
3.99788761138916
3.5767505168914795
3.594006061553955
3.83935284614563
3.362586259841919
3.4626126289367676
3.680088520050049
3.1459543704986572
3.481039047241211
3.5003912448883057
3.87066388130188
3.613175630569458
3.3333334922790527
3.8243348598480225
3.541210889816284
3.5231404304504395
3.7001872062683105
3.744868755340576
4.0764665603637695
3.7416000366210938
3.437309741973877
3.3674607276916504
3.630776882171631
3.4810993671417236
3.2324211597442627
3.29107928276062
2.6957578659057617
3.1578056812286377
3.6479039192199707
3.2106800079345703
3.3497424125671387
3.9499964714050293
3.7596325874328613
3.249218463897705
3.2749242782592773
3.4468395709991455
3.002821922302246
3.621513605117798
3.2203760147094727
3.4061636924743652
3.3460283279418945
3.5083649158477783
3.9192917346954346
2.6895790100097656
3.2512097358703613
3.365318775177002
3.414612293243408
3.714742660522461
3.20576548576355
3.828925371170044
3.5004079341888428
3.12046217918396
3.668433904647827
3.403209686279297
3.31508731842041
2.8221631050109863
3.709223508834839
3.0773863792419434
3.687930107116699
3.013712167739868
3.7302732467651367
3.1394286155700684
3.4510738849639893
3.818655252456665
3.7862377166748047
3.126720666885376
3.976529121398926
3.525379180908203
3.2139124870300293
3.1848292350769043
3.2185275554656982
3.8030879497528076
3.365502119064331
3.32179594039917
3.6664724349975586
3.358961820602417
4.027380466461182
3.157984495162964
3.0474865436553955
3.582750082015991
3.2970778942108154
3.3621065616607666
3.011202573776245
3.508143663406372
3.373520612716675
3.8902580738067627
3.448410987854004
3.6678452491760254
3.1192281246185303
3.075962543487549
3.568732738494873
3.033803939819336
2.88541579246521
3.1537857055664062
3.6149284839630127
4.0881147384643555
2.9661262035369873
3.0191915035247803
3.189824342727661
3.711059331893921
3.2068779468536377
3.735046148300171
3.603548765182495
2.9868931770324707
3.689551830291748
3.8033316135406494
3.5602917671203613
3.2768263816833496
3.3516228199005127
3.6873178482055664
3.210308074951172
3.285592555999756
3.4708950519561768
3.8056206703186035
3.3094639778137207
3.139547109603882
3.5033786296844482
3.095029354095459
3.312746286392212
3.6559605598449707
3.066338539123535
3.807063579559326
3.345371961593628
3.675779104232788
3.246426820755005
3.7722737789154053
3.6261024475097656
3.97269344329834
3.25174617767334
3.205620288848877
3.4971044063568115
3.1322555541992188
3.0009477138519287
3.3227195739746094
3.483879566192627
3.835221529006958
3.306245803833008
3.416916608810425
3.4305901527404785
2.552187204360962
3.4816062450408936
3.22774338722229
3.422666311264038
4.359857559204102
3.3912291526794434
3.3480100631713867
3.8126533031463623
3.364529609680176
3.63889479637146
3.190678119659424
3.3117992877960205
3.2705295085906982
3.574138641357422
3.752070903778076
3.504861354827881
3.4800305366516113
3.1329333782196045
3.7694475650787354
3.7289469242095947
3.4235775470733643
3.8778188228607178
3.9405677318573
3.548595428466797
3.7936015129089355
3.4432320594787598
3.5206549167633057
4.019893169403076
3.5825412273406982
3.583113431930542
3.0547730922698975
3.827697277069092
3.7625584602355957
3.3438119888305664
3.9485108852386475
3.314875364303589
3.063844919204712
3.010002374649048
2.8509554862976074
3.0650832653045654
3.3306126594543457
3.305561065673828
3.244112253189087
3.340519666671753
4.029022693634033
3.5547404289245605
3.7750978469848633
3.27356219291687
3.390246868133545
3.247864007949829
2.984522581100464
3.754244804382324
3.4745090007781982
3.5928468704223633
3.493379831314087
3.6903514862060547
3.724809169769287
3.3879165649414062
3.625864267349243
2.9827451705932617
3.741304874420166
3.7400848865509033
3.200294256210327
3.7410614490509033
3.2582783699035645
3.549624443054199
3.826805830001831
3.238720417022705
3.75394868850708
3.7969515323638916
3.6897270679473877
3.589780569076538
3.435838460922241
3.3088738918304443
3.6322739124298096
3.6331465244293213
3.201751470565796
3.783924102783203
3.3651363849639893
2.979120969772339
3.912609100341797
3.3938231468200684
3.517282247543335
3.3252453804016113
3.3855996131896973
3.9536962509155273
3.1788065433502197
3.4179694652557373
3.1906137466430664
3.75868558883667
4.149287223815918
3.2736451625823975
3.5805773735046387
3.795085906982422
3.3970696926116943
3.5874857902526855
3.0013208389282227
3.4715776443481445
3.546635627746582
3.068058490753174
3.56027889251709
3.4479360580444336
3.483659267425537
3.061722755432129
3.1125969886779785
3.78340482711792
3.2128851413726807
3.2546839714050293
3.5611424446105957
2.9795258045196533
3.7950048446655273
3.881897449493408
4.216214179992676
3.2440879344940186
3.17569899559021
3.278388738632202
3.8058841228485107
3.3374385833740234
3.6354291439056396
3.8041446208953857
3.2564713954925537
3.2308597564697266
3.4779982566833496
3.0432212352752686
3.486614227294922
3.383162021636963
3.636584997177124
4.122649192810059
3.8884286880493164
3.316614866256714
3.8220009803771973
3.120440721511841
3.4101738929748535
4.104020118713379
3.235182285308838
3.402151584625244
3.5685901641845703
3.4327259063720703
3.672929286956787
3.7645037174224854
3.5430893898010254
3.3131494522094727
3.4026944637298584
3.089850664138794
3.8150441646575928
3.745750904083252
3.117542028427124
3.2534070014953613
3.230360507965088
3.190749168395996
3.4476914405822754
3.3624279499053955
3.250286817550659
3.470416784286499
3.6610629558563232
3.1742637157440186
3.0695698261260986
3.6964151859283447
3.0843124389648438
3.128084897994995
3.4854118824005127
4.048134803771973
3.818491220474243
2.976536989212036
3.7236287593841553
3.5349974632263184
2.741241455078125
3.7656149864196777
3.836697578430176
3.725804567337036
2.9837486743927
3.1811516284942627
3.4546244144439697
3.6221370697021484
3.293194055557251
3.4948272705078125
3.9066309928894043
3.348447799682617
3.279757022857666
3.187079668045044
3.3092963695526123
3.4782156944274902
3.9745826721191406
3.4136276245117188
3.41518235206604
3.381535291671753
3.5545315742492676
3.132474660873413
3.4834954738616943
3.4126296043395996
3.462998151779175
3.4017624855041504
3.443707227706909
3.457794427871704
2.921482801437378
3.44083309173584
3.2277753353118896
3.2928202152252197
3.2418463230133057
3.5028669834136963
3.4733033180236816
3.5101754665374756
3.6969151496887207
3.511225461959839
3.4692447185516357
3.4887752532958984
3.2844202518463135
4.407637596130371
3.3591675758361816
2.9132914543151855
3.5393073558807373
3.170368194580078
3.7625367641448975
3.501178741455078
3.471635103225708
2.8328185081481934
2.9411919116973877
3.5138185024261475
3.832080602645874
3.5604114532470703
3.625610828399658
3.103853464126587
3.4085607528686523
3.7617154121398926
3.907121419906616
3.5191810131073
2.988307237625122
4.119694709777832
3.1648926734924316
3.578446626663208
3.273893117904663
3.8167176246643066
3.0386719703674316
2.9182968139648438
3.341843366622925
3.5480234622955322
2.997152328491211
3.606661081314087
3.149846315383911
3.5210988521575928
3.189776659011841
3.705366611480713
3.6469595432281494
3.5009524822235107
3.0696656703948975
3.586745262145996
3.44777774810791
3.289377212524414
3.5389225482940674
3.6661911010742188
3.524085760116577
3.041006565093994
3.6414504051208496
3.187758207321167
3.9516189098358154
3.1553544998168945
3.210707426071167
3.2500088214874268
3.653425455093384
3.534104585647583
3.9877889156341553
3.866422653198242
3.4780259132385254
3.5424327850341797
3.7358624935150146
2.854995012283325
3.3550169467926025
3.451056480407715
3.7550692558288574
3.7969000339508057
3.18754243850708
3.6960043907165527
3.5614891052246094
3.7755935192108154
3.5033681392669678
3.710049629211426
3.82008957862854
3.686772584915161
3.7068772315979004
2.9934778213500977
3.408411979675293
3.472883701324463
3.598466396331787
3.989788293838501
3.3656837940216064
3.3481640815734863
3.652798891067505
3.613239049911499
3.271185874938965
3.6492176055908203
3.4463157653808594
4.250872611999512
3.568488836288452
3.0532639026641846
3.153223752975464
3.0077099800109863
3.5302722454071045
3.2707536220550537
3.4230051040649414
3.3772635459899902
3.58471417427063
3.676704168319702
3.6384942531585693
4.25905179977417
3.779005527496338
3.497589588165283
3.382627248764038
3.031528949737549
3.515590190887451
2.9524898529052734
3.48260235786438
3.6654999256134033
3.2783868312835693
3.5523414611816406
3.3638319969177246
3.3624119758605957
3.6321895122528076
3.1106998920440674
4.113123893737793
2.989919424057007
3.4527060985565186
2.9510297775268555
3.25226092338562
3.5174925327301025
3.6405889987945557
3.009634494781494
2.905148983001709
3.0147311687469482
3.3420729637145996
3.2565877437591553
3.061783790588379
3.516585111618042
3.476963520050049
3.564448118209839
3.8942770957946777
3.5960988998413086
3.722587823867798
3.3495845794677734
3.4549238681793213
3.7634129524230957
3.290529727935791
3.519819736480713
4.044369697570801
3.2430062294006348
3.5834131240844727
3.839972734451294
3.190150499343872
3.082977533340454
4.0683770179748535
3.2549397945404053
3.035067319869995
3.4387216567993164
3.7083182334899902
3.78037428855896
3.709068536758423
3.783989429473877
3.595083236694336
3.288074254989624
3.698094606399536
3.0846126079559326
3.653383255004883
3.271552085876465
3.218313217163086
3.3548920154571533
3.912100076675415
3.498021364212036
3.3895068168640137
3.4986629486083984
3.353175401687622
3.3238940238952637
3.7174768447875977
3.208003520965576
3.6527299880981445
3.2552907466888428
3.5025203227996826
3.3515784740448
3.384974241256714
3.66560435295105
2.987757444381714
3.2563581466674805
3.3347649574279785
3.221893310546875
3.73303484916687
3.7074170112609863
3.2349367141723633
3.31266188621521
3.988001823425293
3.5475878715515137
3.4366862773895264
2.386465549468994
3.502723217010498
3.789017677307129
3.650228977203369
3.3139758110046387
3.4623963832855225
3.3525710105895996
3.4206948280334473
3.100951671600342
3.3365659713745117
3.4029693603515625
3.544095993041992
2.972078561782837
3.3326430320739746
4.3423542976379395
3.5807554721832275
3.734827995300293
3.6657443046569824
3.606342315673828
3.3568427562713623
3.151771068572998
2.725834846496582
2.9046273231506348
3.025160312652588
3.191218137741089
3.0247511863708496
3.4267547130584717
3.56070613861084
3.213322877883911
3.0661232471466064
3.73807954788208
3.4573559761047363
3.5317041873931885
3.1105570793151855
3.3702728748321533
3.7407431602478027
3.43082594871521
3.508864641189575
3.8023526668548584
3.7287228107452393
3.39689302444458
3.067702054977417
3.4477853775024414
3.3203601837158203
3.712327480316162
3.2261157035827637
3.707263708114624
3.1494672298431396
3.5271880626678467
3.519320249557495
3.1922357082366943
3.3751380443573
3.3163537979125977
3.087430715560913
3.0569896697998047
3.60691499710083
3.2915661334991455
3.302159070968628
3.2417380809783936
3.6838185787200928
3.1724090576171875
3.2282497882843018
3.129624128341675
3.57991361618042
3.6235761642456055
3.7650203704833984
3.7424941062927246
3.528388500213623
3.087005853652954
3.643662452697754
3.1907708644866943
2.9165608882904053
3.27756404876709
3.4103620052337646
3.1210060119628906
3.5463576316833496
3.960416316986084
3.494703769683838
3.6206352710723877
3.487110137939453
4.081617832183838
3.6319539546966553
3.4834177494049072
2.963789463043213
3.8502144813537598
3.4538424015045166
3.643646478652954
3.1619186401367188
3.5221283435821533
2.9027132987976074
3.0930137634277344
3.4858059883117676
3.2619431018829346
3.1727285385131836
3.3013813495635986
3.056077480316162
3.1579747200012207
3.205059051513672
3.45393705368042
3.2518699169158936
3.406014919281006
3.3369929790496826
3.6222121715545654
3.45605731010437
3.0578160285949707
3.514564275741577
3.1436948776245117
3.289985418319702
3.1169393062591553
3.1247713565826416
3.4133193492889404
3.8654260635375977
3.170290231704712
3.3382821083068848
3.3450331687927246
2.720551013946533
4.201049327850342
3.2294273376464844
3.1857097148895264
3.837360382080078
3.213866710662842
3.806948661804199
3.362948417663574
3.352884292602539
3.3427560329437256
4.028207778930664
3.810365676879883
3.728508949279785
2.7788825035095215
3.825554132461548
4.426911354064941
3.5360212326049805
3.3975882530212402
3.5058953762054443
3.4806947708129883
3.286879539489746
3.0907742977142334
3.031315565109253
3.2508645057678223
3.904073715209961
3.69148850440979
3.7135584354400635
3.817958116531372
3.0985729694366455
3.330543041229248
3.350076675415039
3.1036672592163086
3.8852269649505615
3.386239528656006
3.380178213119507
3.317880153656006
3.061129570007324
3.297412872314453
3.0220584869384766
3.341104507446289
3.415626049041748
3.3318541049957275
3.6350841522216797
3.3558216094970703
3.149010419845581
3.4348714351654053
3.7116012573242188
3.1711795330047607
3.2788150310516357
3.8429248332977295
3.0937469005584717
3.564588785171509
3.3986258506774902
3.830806255340576
3.503310203552246
2.9351232051849365
3.6364405155181885
3.3014259338378906
3.573188304901123
3.5538530349731445
3.3808422088623047
3.023831605911255
3.2461297512054443
3.4426517486572266
3.4866814613342285
3.909025192260742
3.2487895488739014
3.5364420413970947
3.353787422180176
3.4552221298217773
2.9340240955352783
3.283717155456543
3.81522274017334
3.796661853790283
3.307727813720703
3.2977256774902344
2.5953938961029053
3.310239315032959
3.506500482559204
3.399949312210083
4.012134552001953
3.3580639362335205
3.099531650543213
3.974022388458252
3.9423458576202393
3.648404836654663
3.3812508583068848
3.4407312870025635
4.530716419219971
2.8135361671447754
3.9065163135528564
3.25913143157959
2.9215517044067383
3.533068895339966
3.6613943576812744
3.5893256664276123
3.5908806324005127
3.3307101726531982
2.8780934810638428
3.286728620529175
3.4095935821533203
3.0296638011932373
4.0812482833862305
3.558452844619751
3.6569714546203613
3.376190423965454
3.4943299293518066
3.2551586627960205
3.8459765911102295
3.561660051345825
3.453071355819702
3.2848522663116455
3.384645700454712
3.1861119270324707
3.9117839336395264
3.73010516166687
3.0251729488372803
3.2455902099609375
3.543459177017212
3.2037100791931152
3.554640293121338
2.8916430473327637
3.5256760120391846
3.3506929874420166
3.4200005531311035
3.307467222213745
4.3559184074401855
3.2508413791656494
3.3641104698181152
3.387381076812744
3.411470890045166
3.7103471755981445
3.5105667114257812
3.6655235290527344
3.520216226577759
3.1210906505584717
3.755986452102661
3.925666093826294
3.763169288635254
3.4686310291290283
3.5668842792510986
2.8369507789611816
3.987581968307495
3.4848439693450928
3.649103879928589
3.2783803939819336
3.2753353118896484
3.3834500312805176
3.482389211654663
3.556853771209717
3.039827346801758
3.2667555809020996
3.335033416748047
3.4629669189453125
3.2439534664154053
3.495131254196167
3.787597179412842
3.4851486682891846
3.100989580154419
3.4325973987579346
3.551313638687134
3.566494941711426
4.0402116775512695
3.7698352336883545
3.5639779567718506
3.6437599658966064
3.0835232734680176
3.6619274616241455
3.957566499710083
3.827760934829712
3.595475435256958
3.586732864379883
3.2130491733551025
3.2657358646392822
3.3484556674957275
3.522961139678955
3.3314690589904785
3.340414047241211
3.2471768856048584
4.080313205718994
3.1965982913970947
3.6165242195129395
3.988781213760376
3.8368942737579346
3.8863892555236816
3.2623281478881836
3.842742681503296
3.44114351272583
3.1292073726654053
2.9301114082336426
3.718942403793335
3.37585711479187
2.9883437156677246
3.531662940979004
3.6945459842681885
3.118572235107422
3.3581018447875977
3.3317275047302246
3.309278964996338
3.5290472507476807
3.419154167175293
3.1300501823425293
4.227388858795166
3.0857956409454346
4.296117305755615
3.56866455078125
3.550116777420044
3.4292783737182617
3.223679304122925
3.021827459335327
3.690350294113159
3.3100504875183105
3.24955153465271
3.1356406211853027
2.960186243057251
3.7710347175598145
3.116164207458496
3.635496139526367
4.3223652839660645
3.136887311935425
3.5696825981140137
3.314591646194458
3.3482582569122314
3.158698320388794
3.660266399383545
3.310934543609619
2.997781753540039
3.4983139038085938
3.5219438076019287
3.5753092765808105
3.294567346572876
3.5253074169158936
4.0999555587768555
3.4592082500457764
4.02419900894165
3.433948278427124
3.6497974395751953
3.0272159576416016
3.6739392280578613
3.426546573638916
3.3729751110076904
3.1928558349609375
3.508344888687134
3.655750036239624
3.725412368774414
3.5029733180999756
3.516613721847534
3.0658645629882812
3.658511161804199
3.2951979637145996
3.746093511581421
3.358914613723755
3.034644603729248
3.8851287364959717
4.187931060791016
3.6776070594787598
3.366472005844116
3.586381196975708
3.673137664794922
3.692735195159912
3.0934152603149414
3.463715076446533
3.2045657634735107
3.5247788429260254
3.0902419090270996
3.1527111530303955
3.0814640522003174
2.974574565887451
3.6794347763061523
3.064135789871216
3.4117369651794434
3.784513235092163
3.225264310836792
2.9434356689453125
3.413710355758667
3.3299713134765625
3.242880344390869
3.723313808441162
3.7517449855804443
3.4111475944519043
3.3626160621643066
3.369070053100586
3.446094512939453
4.087427616119385
3.7166872024536133
3.4575250148773193
2.914844274520874
3.656872510910034
4.150473594665527
3.5200703144073486
3.6801464557647705
3.001243829727173
3.4498445987701416
3.1446847915649414
3.760317325592041
3.6187362670898438
3.6847023963928223
3.562347173690796
3.5647127628326416
3.102221727371216
3.2222301959991455
3.24247407913208
3.341745615005493
3.47119140625
3.9497926235198975
3.6069154739379883
3.4123501777648926
3.372926712036133
3.6831605434417725
3.277444362640381
3.665254831314087
2.85587477684021
3.8258562088012695
3.0895590782165527
3.1229445934295654
3.317131519317627
3.578753709793091
3.404297113418579
3.4181063175201416
3.163604974746704
3.586941719055176
3.351278066635132
3.2041966915130615
3.6313068866729736
3.7596471309661865
3.3083791732788086
3.7166378498077393
3.5466089248657227
3.5401532649993896
3.3353984355926514
3.7495880126953125
3.6040806770324707
3.3131866455078125
3.6207261085510254
3.8927955627441406
2.994680404663086
3.352428674697876
3.3304970264434814
3.402071952819824
3.539177656173706
3.27693772315979
3.1892642974853516
3.1993210315704346
3.4281418323516846
3.2974002361297607
3.1685311794281006
2.403717517852783
3.6554670333862305
3.6203651428222656
3.180691957473755
3.2711493968963623
3.415436029434204
3.2294540405273438
3.3920440673828125
3.9510390758514404
2.9216079711914062
4.017700672149658
3.6011252403259277
3.8695459365844727
3.4318747520446777
3.2941830158233643
3.125701665878296
3.3151087760925293
3.2216193675994873
3.965869426727295
3.676496744155884
3.345801830291748
3.3988754749298096
3.191784381866455
3.2979788780212402
3.5963134765625
4.1355390548706055
3.6579065322875977
3.715085744857788
3.6636123657226562
3.196115255355835
3.3294060230255127
4.133800506591797
4.12169885635376
2.662371873855591
3.116454839706421
3.1413156986236572
2.971783399581909
3.1515090465545654
3.167388677597046
3.0566582679748535
3.39082407951355
3.540933609008789
3.447572946548462
3.245575189590454
3.5862088203430176
3.068674325942993
3.4227161407470703
3.837958574295044
4.159526824951172
3.7410144805908203
3.4029040336608887
3.5276434421539307
3.096921682357788
3.4575300216674805
3.5452706813812256
3.579221248626709
3.5978760719299316
3.2740631103515625
2.908601760864258
3.7072951793670654
3.5567398071289062
3.753579616546631
3.2234437465667725
3.2482011318206787
3.089475154876709
3.6703741550445557
3.6672210693359375
3.838247299194336
3.0283024311065674
3.1055262088775635
3.5826542377471924
3.360767364501953
3.1971590518951416
3.2097527980804443
3.8066537380218506
3.129714012145996
3.300300359725952
3.4862849712371826
3.708709478378296
4.172087669372559
3.6108505725860596
3.6366817951202393
4.0424699783325195
3.6267268657684326
3.0937235355377197
3.17897629737854
3.069559335708618
3.3107047080993652
3.5822529792785645
3.389404296875
3.3566901683807373
3.157783269882202
3.3018293380737305
3.7568280696868896
3.0759775638580322
3.6625285148620605
3.118870496749878
