86.96649169921875
71.34846496582031
60.94951248168945
62.6928596496582
46.12184143066406
26.744224548339844
28.128814697265625
27.711820602416992
29.6378116607666
13.045507431030273
11.999475479125977
17.421133041381836
14.592663764953613
10.597724914550781
9.967503547668457
9.885008811950684
9.135135650634766
10.285104751586914
9.728109359741211
10.794289588928223
11.242298126220703
8.828001022338867
9.349355697631836
10.578359603881836
10.058944702148438
10.089213371276855
7.40627384185791
6.983789920806885
8.280765533447266
8.722210884094238
7.448023796081543
8.034464836120605
8.620620727539062
8.885765075683594
8.753244400024414
7.467186450958252
8.65483283996582
7.285400867462158
9.16102409362793
8.206592559814453
7.091538429260254
6.967366695404053
7.5577168464660645
9.386962890625
7.115593910217285
7.736287593841553
6.534318447113037
7.9725847244262695
7.775426864624023
6.659438610076904
6.895201683044434
6.751692295074463
7.127398490905762
7.4173383712768555
6.978466033935547
6.158177852630615
7.82916259765625
6.474803924560547
7.221949577331543
7.237042427062988
6.307140827178955
7.798566818237305
7.919835090637207
9.183313369750977
7.332719326019287
6.305351257324219
7.53118371963501
6.736690044403076
6.31580114364624
6.432764530181885
6.850251197814941
7.949628829956055
5.762186050415039
5.726081848144531
7.024575233459473
6.956894874572754
6.392967224121094
6.2191643714904785
6.204071044921875
7.018880844116211
6.424102783203125
6.152839183807373
6.735826015472412
6.351062774658203
6.7635393142700195
6.034414291381836
6.632888317108154
6.853705406188965
6.251689434051514
6.182516098022461
6.378896713256836
6.75374698638916
5.817419052124023
6.550175666809082
7.599300384521484
5.822264671325684
5.835055351257324
6.5052995681762695
5.887146472930908
6.273379802703857
6.110995292663574
9.786675453186035
7.0985426902771
6.160094738006592
6.49564266204834
6.043241024017334
6.083834648132324
6.562700271606445
4.975095748901367
5.140836238861084
6.72466516494751
6.219355583190918
6.030099868774414
6.219723224639893
7.239358901977539
7.241897106170654
6.579565048217773
5.937669277191162
5.825981616973877
5.366921901702881
5.715548038482666
5.340405464172363
5.054177761077881
6.010691165924072
6.623895168304443
7.338497638702393
5.47697639465332
6.270461559295654
5.9359450340271
6.504703521728516
5.458675384521484
5.547689914703369
5.28261661529541
6.344809055328369
5.569038391113281
5.304975509643555
6.022028923034668
4.952585220336914
5.59360408782959
5.797884941101074
5.562328815460205
5.868330478668213
5.868574142456055
6.435736179351807
6.105533123016357
4.856765270233154
6.19218111038208
5.243525981903076
4.925492763519287
5.88399600982666
4.9368672370910645
5.463072299957275
4.0156121253967285
5.112268447875977
6.170105934143066
5.635115146636963
6.189114093780518
5.975215435028076
6.523197174072266
5.576053142547607
5.927781581878662
5.471179008483887
5.362881660461426
5.30841588973999
6.305113315582275
5.196944236755371
5.021474361419678
5.51247501373291
6.053157806396484
5.043910503387451
5.355039596557617
5.422632217407227
4.893604278564453
5.025045394897461
4.866029739379883
5.561683177947998
5.0348029136657715
5.227866172790527
6.067507266998291
5.747979640960693
5.098618507385254
5.2883992195129395
5.018706321716309
5.548328876495361
4.756887435913086
4.764963626861572
5.129824161529541
5.393425941467285
5.087714672088623
4.837860584259033
5.366022109985352
5.14394474029541
5.329311847686768
4.858328342437744
4.702371120452881
5.049495697021484
5.79094123840332
4.970717906951904
4.163665771484375
4.954091548919678
4.8865180015563965
4.648335933685303
4.490588665008545
4.883146286010742
5.389028549194336
4.953601360321045
5.779883861541748
5.402589321136475
5.441338539123535
5.004855632781982
4.675067901611328
4.970612049102783
4.621580123901367
4.95668888092041
4.407362461090088
5.0599188804626465
4.870491981506348
4.475302696228027
4.749751091003418
4.499131679534912
4.577182292938232
5.357663154602051
4.828419208526611
4.889573097229004
4.16975212097168
4.389225482940674
4.77189302444458
5.4601216316223145
5.4994215965271
4.457147121429443
4.949704170227051
4.809946537017822
5.280653953552246
5.150942802429199
4.4492058753967285
4.129964351654053
4.1235175132751465
4.592833518981934
4.184946537017822
4.484525203704834
4.841405868530273
4.849682807922363
5.136252403259277
4.403152942657471
4.666924476623535
4.694732189178467
4.713475227355957
4.860159397125244
4.801126480102539
5.032786846160889
4.468419075012207
4.782229900360107
5.105433940887451
5.449030876159668
4.735996246337891
4.401767730712891
4.2889862060546875
4.371716022491455
4.250286102294922
4.849673748016357
4.328061103820801
4.577977180480957
3.397881507873535
4.649318218231201
4.013267517089844
4.760463237762451
5.081461429595947
4.702486991882324
4.509768486022949
4.093543529510498
5.038663387298584
4.85706090927124
4.735322952270508
5.444383144378662
4.685685634613037
4.6949615478515625
5.250916481018066
4.3652777671813965
4.440023899078369
4.686703681945801
4.26699686050415
5.285902976989746
4.853978633880615
5.324692249298096
4.332174777984619
4.256359577178955
4.773714542388916
4.972833633422852
4.53311014175415
5.442134380340576
3.7874011993408203
4.42073392868042
4.2380170822143555
4.069536209106445
4.725155353546143
4.866270065307617
4.500739097595215
4.50582218170166
4.37913703918457
4.366765975952148
4.362205505371094
4.133525848388672
3.855118989944458
4.779240608215332
4.876447677612305
4.10145378112793
4.643595218658447
5.132575511932373
4.7460761070251465
4.587563514709473
4.695839881896973
4.383894443511963
4.34318733215332
4.1344828605651855
3.892265558242798
4.742913722991943
5.009459495544434
4.54295015335083
5.346292972564697
4.631310939788818
4.69731330871582
4.225330829620361
4.473456382751465
4.221254348754883
3.9419145584106445
3.661939859390259
4.469832897186279
4.135962963104248
3.888493061065674
4.268635272979736
4.135258197784424
4.156381607055664
4.665754318237305
4.003975868225098
3.61352801322937
5.1846818923950195
4.383265495300293
3.762209177017212
4.382632255554199
4.207413196563721
4.433525562286377
3.9687867164611816
4.439541339874268
4.320107460021973
4.147867202758789
4.288741588592529
4.447502136230469
4.818204402923584
4.31412410736084
4.081660270690918
4.2741241455078125
4.139428615570068
4.666539192199707
4.194912910461426
4.148984432220459
3.865285873413086
4.212364196777344
4.51187801361084
4.414089679718018
4.593934535980225
4.0717549324035645
4.349114418029785
4.95365571975708
4.027574062347412
4.097977161407471
4.8912034034729
4.3233442306518555
4.488992691040039
3.663172483444214
4.233253479003906
4.866687297821045
4.448573112487793
4.884505748748779
4.3442912101745605
4.743570327758789
4.452661514282227
4.130988121032715
3.8462893962860107
4.420189380645752
4.761415958404541
4.161647319793701
4.376922607421875
4.170376300811768
3.743309736251831
4.369908809661865
4.520201206207275
3.7311692237854004
3.9163291454315186
4.636160373687744
4.089621067047119
3.929511547088623
4.5186614990234375
3.8341875076293945
3.9744114875793457
4.779665470123291
4.276480197906494
4.247896671295166
4.178534984588623
4.179676055908203
3.751899480819702
4.035156726837158
4.545262813568115
4.23145055770874
4.52800989151001
4.785073757171631
5.065218448638916
4.622306823730469
4.98704719543457
4.303279399871826
4.159453392028809
3.5337133407592773
4.0717902183532715
4.318301200866699
4.07411527633667
4.149987697601318
4.4574174880981445
3.694957733154297
4.104111671447754
4.125792980194092
4.254065036773682
4.2611470222473145
3.9322173595428467
4.128758907318115
4.36411190032959
3.622735023498535
3.7020347118377686
4.34948205947876
4.237810134887695
4.082955837249756
3.8242688179016113
4.040785789489746
4.168038845062256
4.611709117889404
4.057584285736084
4.504293441772461
4.171854496002197
4.448841094970703
4.289450168609619
4.732119560241699
3.769818067550659
4.650791645050049
3.327481746673584
4.341267108917236
3.9915578365325928
3.9938812255859375
3.954679250717163
4.491140365600586
3.9074409008026123
4.641892910003662
4.106295585632324
4.561567783355713
4.026277542114258
3.9702115058898926
4.101470947265625
4.40736198425293
4.643823146820068
4.047852516174316
3.519395112991333
3.9611940383911133
3.9949474334716797
3.928122043609619
4.217382907867432
3.9716475009918213
3.766258955001831
3.9214224815368652
4.179172515869141
3.834381103515625
4.644138336181641
4.164830207824707
3.849668025970459
4.146017551422119
3.633631467819214
4.265072345733643
4.047749042510986
3.877591848373413
4.2998270988464355
4.417669773101807
4.355466365814209
5.052459239959717
4.542446613311768
4.329590797424316
3.8415565490722656
4.483341693878174
4.24402379989624
4.618967056274414
3.9198217391967773
3.919884204864502
4.266071796417236
3.896237373352051
4.5464277267456055
5.05543327331543
4.055797100067139
3.9720451831817627
4.038735389709473
4.473717212677002
4.008413791656494
3.9281578063964844
4.456718444824219
4.4221320152282715
3.8357114791870117
3.740091562271118
4.012876033782959
4.147643089294434
4.11266565322876
3.793970823287964
4.925845146179199
4.789514541625977
4.055881977081299
4.072093486785889
4.046631336212158
4.201681613922119
3.8175699710845947
3.8425118923187256
3.990983724594116
4.04811429977417
4.501056671142578
3.9053757190704346
3.9231557846069336
4.12534761428833
5.004634857177734
3.778150796890259
3.754725694656372
3.92814564704895
4.265219211578369
3.8311984539031982
3.996842622756958
4.326586723327637
4.147760391235352
4.031578063964844
4.452743053436279
3.5649125576019287
3.7115535736083984
3.590949058532715
4.089017868041992
3.535182237625122
3.573793888092041
3.561034917831421
4.467861652374268
4.764081001281738
3.9487364292144775
3.9625284671783447
3.899630069732666
3.7367169857025146
4.513683795928955
3.7965753078460693
4.4035515785217285
3.7042577266693115
4.04410457611084
4.167709827423096
3.6723172664642334
4.6606221199035645
4.057290077209473
3.768960475921631
4.039365768432617
3.6668221950531006
3.79858136177063
4.306211471557617
4.15389347076416
3.929713726043701
3.9156501293182373
3.911895513534546
4.569079399108887
3.8735311031341553
4.084555625915527
4.791221618652344
3.5721261501312256
4.328266620635986
4.117888450622559
3.518179416656494
3.8438615798950195
4.070603847503662
4.015556335449219
3.531928777694702
3.756317615509033
3.5210678577423096
4.095783710479736
3.856804609298706
4.275153160095215
3.756769895553589
4.1352386474609375
3.8956491947174072
3.9217300415039062
4.284146308898926
3.67794132232666
3.6433637142181396
3.9795823097229004
3.632246255874634
4.06894588470459
4.384099960327148
4.468530654907227
3.7806599140167236
4.185683250427246
3.6092960834503174
4.570836544036865
4.331547737121582
4.017798900604248
3.9354090690612793
3.574037790298462
3.6946828365325928
3.8085460662841797
3.525235414505005
4.019911766052246
3.652219295501709
4.239846706390381
3.7839159965515137
3.8630528450012207
4.369167804718018
4.069797515869141
4.072782039642334
4.1310038566589355
4.2084455490112305
4.495646953582764
3.9382128715515137
4.073586463928223
3.9288253784179688
4.233552932739258
4.229471683502197
3.6336560249328613
3.5716521739959717
4.087065696716309
3.84981107711792
3.6982898712158203
4.037576198577881
4.215564250946045
4.338651180267334
4.413110256195068
3.934070587158203
4.095338344573975
4.185557842254639
3.3430793285369873
4.219379425048828
4.005672454833984
3.8998019695281982
4.0300211906433105
3.8885421752929688
4.525869846343994
4.122071743011475
3.8923051357269287
4.048779487609863
3.9652950763702393
3.711641788482666
4.093159198760986
4.1401872634887695
3.363208293914795
4.56072473526001
3.978010892868042
4.252963066101074
3.6658143997192383
3.6283252239227295
3.7343013286590576
3.9287056922912598
4.22373628616333
4.293437480926514
4.472305774688721
3.5876305103302
3.50544810295105
3.6801230907440186
3.8035178184509277
3.6684184074401855
3.821382999420166
4.183865547180176
4.2983317375183105
3.846358299255371
3.8984627723693848
3.997313976287842
4.405473709106445
3.944359064102173
4.066491603851318
3.6608221530914307
4.436822414398193
3.6746702194213867
3.7003774642944336
3.954543352127075
4.249354839324951
3.887019395828247
4.278744220733643
4.500288486480713
4.358555316925049
3.659456491470337
3.7312123775482178
4.29332971572876
4.334240436553955
4.143497943878174
3.8518917560577393
4.747466087341309
4.005849838256836
3.848599433898926
4.094494819641113
3.656048536300659
3.765899896621704
3.4255568981170654
3.6043472290039062
4.4652323722839355
4.390305042266846
3.7494349479675293
3.467818021774292
3.419543504714966
3.706766128540039
4.2410502433776855
3.9033918380737305
3.830341100692749
3.9253857135772705
3.831275224685669
4.021084785461426
4.122559070587158
4.237585067749023
3.836416006088257
4.1725358963012695
3.8617053031921387
4.738311767578125
3.6271417140960693
4.173884391784668
3.504596471786499
4.773201942443848
3.9126951694488525
3.414915084838867
3.971118927001953
3.960630178451538
3.6675307750701904
3.4236676692962646
3.3545355796813965
3.655928611755371
4.296899318695068
4.074435234069824
4.126264572143555
3.877659320831299
3.8830819129943848
3.9106221199035645
3.969756841659546
4.127719879150391
3.856635332107544
4.215344429016113
4.041905879974365
3.9899063110351562
4.4241228103637695
4.3831257820129395
4.290616989135742
4.170784950256348
3.09626841545105
3.8613741397857666
4.619433879852295
3.6769838333129883
3.9011330604553223
3.699671983718872
3.3909075260162354
4.017314434051514
3.7812933921813965
4.4125165939331055
4.177789211273193
4.771200180053711
3.7675702571868896
3.6561219692230225
3.463602304458618
3.8626012802124023
3.830561876296997
3.3499419689178467
3.7278759479522705
3.5024514198303223
3.7431204319000244
3.8948144912719727
4.003371238708496
4.4846062660217285
3.71269154548645
4.010639667510986
4.2961530685424805
3.8130083084106445
3.752912998199463
3.6385843753814697
4.012710094451904
3.508402109146118
3.649402618408203
3.8062210083007812
3.420437812805176
4.326507568359375
3.6581780910491943
3.8967363834381104
3.5314929485321045
3.6412837505340576
3.694401502609253
4.598186016082764
3.1628410816192627
3.479645013809204
4.084422588348389
4.126794338226318
4.587357997894287
3.909672737121582
4.094191551208496
5.141979694366455
3.8341288566589355
3.729323625564575
3.6766085624694824
3.5971181392669678
3.2338156700134277
3.728864908218384
4.028200149536133
3.4820897579193115
3.906567096710205
3.3548905849456787
3.9206113815307617
4.0362114906311035
3.7377970218658447
3.860008716583252
3.6910951137542725
3.8708131313323975
4.030021667480469
3.920201539993286
3.5409693717956543
3.5818941593170166
3.7927396297454834
3.99474835395813
4.324955463409424
4.0220232009887695
4.010831356048584
3.536949634552002
3.8441309928894043
4.118871212005615
3.5374083518981934
3.650156259536743
3.8755908012390137
3.734872341156006
3.5168802738189697
3.588289260864258
3.9696030616760254
4.582651615142822
3.845707416534424
3.7613558769226074
3.842134714126587
3.9528274536132812
3.9151525497436523
3.8550515174865723
3.678238868713379
4.434299468994141
3.979332208633423
3.172645092010498
3.777783155441284
3.9746146202087402
4.077218055725098
3.597234010696411
3.9765076637268066
3.4481565952301025
3.5456459522247314
4.407573699951172
3.896073818206787
3.8493690490722656
3.811107873916626
4.257976531982422
4.055894374847412
3.8893425464630127
3.6842942237854004
3.6752798557281494
3.676081657409668
4.069516658782959
3.864603281021118
3.6676034927368164
3.759727954864502
3.2709591388702393
3.8393936157226562
3.356442928314209
3.8216640949249268
3.674753189086914
3.8729374408721924
3.9942634105682373
3.2795891761779785
4.062342643737793
3.712223768234253
4.4257612228393555
4.074324607849121
4.475429534912109
4.0462164878845215
3.9297285079956055
4.49704647064209
3.8064136505126953
3.330477476119995
3.727379560470581
3.700481653213501
4.049868583679199
4.154360294342041
3.4635159969329834
4.043882369995117
3.8350677490234375
3.7403345108032227
3.899623155593872
4.314763069152832
3.479191541671753
4.278515338897705
3.9478273391723633
4.027219772338867
3.384547472000122
3.537473201751709
3.8713724613189697
3.773591995239258
3.6544854640960693
3.6396069526672363
3.6533684730529785
3.4024477005004883
4.086616039276123
3.536384344100952
3.518829822540283
3.5329415798187256
3.6784071922302246
4.332190990447998
3.368544816970825
3.7912509441375732
3.9124996662139893
3.3789451122283936
3.6136279106140137
3.4233453273773193
3.6333563327789307
3.8025503158569336
3.7745773792266846
3.9618704319000244
3.4696848392486572
3.9409451484680176
3.641162633895874
4.2558112144470215
3.6494317054748535
3.8260645866394043
4.364670753479004
3.9466869831085205
3.6729047298431396
3.792483329772949
3.20440673828125
3.3615851402282715
4.099180221557617
4.280206680297852
3.7842607498168945
3.6672792434692383
4.854557037353516
4.001062393188477
4.227404594421387
3.89487624168396
3.6132616996765137
3.5163376331329346
4.288528919219971
4.773730754852295
4.0646562576293945
3.810368537902832
3.5223898887634277
4.165212631225586
3.8275978565216064
3.723548173904419
4.070719242095947
4.309484481811523
3.4616243839263916
4.0135345458984375
3.854985237121582
3.696824789047241
4.288737773895264
3.4651308059692383
3.8284552097320557
3.874986171722412
3.5417163372039795
4.545673847198486
4.360377311706543
3.48543643951416
4.070515155792236
3.9995639324188232
3.898388147354126
3.4254238605499268
3.9032366275787354
4.210198402404785
4.230785846710205
3.984253168106079
3.9272830486297607
4.117259979248047
3.7895336151123047
3.061208724975586
3.9987752437591553
4.234649658203125
3.4260928630828857
3.493675947189331
4.238854885101318
3.6971418857574463
3.848064661026001
3.7891061305999756
3.595064163208008
3.88413667678833
4.71210241317749
3.7937986850738525
3.7315146923065186
4.19010591506958
3.9205565452575684
4.175961971282959
3.956798553466797
3.897139549255371
3.728912591934204
3.695988416671753
3.7833614349365234
3.4171767234802246
4.313501358032227
3.695225477218628
3.790224313735962
3.4863169193267822
3.425100564956665
3.448740243911743
4.165577411651611
3.787895441055298
3.9170050621032715
3.6498703956604004
3.61460018157959
3.7761058807373047
3.3050284385681152
3.4998021125793457
4.1888628005981445
3.6456210613250732
3.7118358612060547
4.190004825592041
3.6138365268707275
3.4754650592803955
3.9171299934387207
3.9381067752838135
4.531515121459961
3.7660858631134033
3.951470375061035
3.712306261062622
3.690642833709717
3.591447591781616
4.0651373863220215
3.6093015670776367
3.8600282669067383
3.708846092224121
3.557182550430298
3.581812620162964
4.122241497039795
3.415292739868164
3.7335290908813477
4.264098167419434
3.150397300720215
3.8657073974609375
3.9469761848449707
3.5377156734466553
3.725649118423462
3.071411371231079
3.6943304538726807
3.527963876724243
3.4802887439727783
3.835920572280884
4.225044250488281
4.129398822784424
3.4192006587982178
3.647702932357788
3.8440229892730713
3.809281349182129
3.755533218383789
3.870596408843994
3.742730140686035
3.7560296058654785
3.8389625549316406
3.81805682182312
4.114750862121582
3.792968988418579
3.5143649578094482
4.060002326965332
4.014828205108643
4.365376949310303
3.7755589485168457
4.079684257507324
3.9815616607666016
3.8924272060394287
3.623098850250244
3.792001485824585
3.5020289421081543
3.7759554386138916
3.9177191257476807
3.4921369552612305
3.4221372604370117
3.523383855819702
3.632416248321533
4.15140438079834
4.2883100509643555
4.028714656829834
3.906813859939575
3.5385665893554688
4.254008769989014
3.9670815467834473
3.854748487472534
3.693056583404541
3.9118645191192627
3.539505958557129
4.509586811065674
3.6315367221832275
3.9381103515625
3.4438140392303467
3.5969300270080566
3.847705125808716
4.113043308258057
3.39396333694458
3.936722755432129
4.222202301025391
3.730361223220825
3.7825844287872314
3.186572790145874
3.3910470008850098
4.318277359008789
3.5896828174591064
3.6354684829711914
3.9536635875701904
3.5887794494628906
4.1967267990112305
3.818042039871216
3.33776593208313
3.780996084213257
3.8000309467315674
3.976564645767212
3.846726417541504
3.960434913635254
4.421828746795654
4.229708671569824
3.166440725326538
4.169404983520508
4.016746520996094
3.233015775680542
3.1902523040771484
3.6387932300567627
3.2411792278289795
4.043270111083984
3.7953226566314697
3.531558036804199
3.7237536907196045
3.611952066421509
3.7882778644561768
3.5275208950042725
3.4534075260162354
3.63586163520813
3.8881351947784424
3.9371166229248047
3.8312201499938965
3.538562774658203
3.7712674140930176
3.9164159297943115
3.7612173557281494
4.03851842880249
3.6396710872650146
3.975407838821411
3.8152942657470703
3.3768858909606934
3.739351272583008
3.4640965461730957
3.6919686794281006
3.8048527240753174
3.5436244010925293
3.5780553817749023
3.9073429107666016
3.629822015762329
4.127754211425781
3.803001880645752
3.253863573074341
4.155673027038574
3.8246910572052
3.785923480987549
3.918553352355957
3.933494806289673
3.195768356323242
3.4925806522369385
3.3465073108673096
3.5592803955078125
4.306093692779541
4.310141563415527
3.302119731903076
3.611128807067871
4.17787504196167
3.4928719997406006
3.617109537124634
3.672081232070923
3.804459810256958
3.634892702102661
4.245834827423096
3.2655763626098633
3.320596933364868
4.174617767333984
3.381263256072998
3.785428047180176
3.8292715549468994
3.6057920455932617
3.086880922317505
3.5633933544158936
3.5428924560546875
3.904252529144287
3.772526502609253
3.363452434539795
4.376261234283447
4.274111747741699
3.539644718170166
3.766808032989502
3.8151907920837402
4.250161647796631
3.4831607341766357
3.4569637775421143
4.183775901794434
4.3290252685546875
3.8125786781311035
3.88810396194458
3.939842462539673
3.669768810272217
3.531320810317993
3.3283932209014893
3.918276786804199
3.331489324569702
5.397960662841797
3.5986690521240234
4.024653911590576
3.853855609893799
3.8357179164886475
3.7154576778411865
3.562285900115967
3.9356868267059326
4.023823261260986
4.004530906677246
3.707289695739746
3.7755072116851807
3.5053796768188477
3.8333523273468018
3.5381462574005127
3.6049628257751465
3.765859365463257
3.2983689308166504
3.8044824600219727
3.784531593322754
3.4093356132507324
3.768024206161499
4.327657222747803
4.112081527709961
3.417027235031128
3.687124252319336
3.701939582824707
3.725104808807373
4.647277355194092
3.5989673137664795
3.812037229537964
3.69681978225708
4.102149486541748
3.9791462421417236
3.8374083042144775
4.238286018371582
4.177842140197754
3.3662192821502686
3.859755516052246
3.2294418811798096
3.260594129562378
3.698288917541504
3.736572027206421
3.4450724124908447
3.552260637283325
3.908454656600952
3.3446223735809326
3.612781286239624
3.3839521408081055
3.4498746395111084
4.300458908081055
3.4901866912841797
3.647836923599243
3.5810387134552
3.566096067428589
3.620432138442993
3.438123941421509
3.4494659900665283
3.7232394218444824
3.834533214569092
3.3514726161956787
4.190912246704102
3.488170623779297
4.175848960876465
3.1774001121520996
3.6386849880218506
3.978732109069824
3.8300528526306152
3.6432933807373047
3.5009231567382812
3.9782514572143555
4.004870414733887
3.607792615890503
3.4432756900787354
3.654963493347168
3.3456625938415527
3.9582431316375732
4.077699184417725
3.6507277488708496
3.2097647190093994
3.95169997215271
4.099355220794678
3.7159078121185303
3.6877336502075195
3.3345017433166504
3.297363519668579
3.357064962387085
3.7924585342407227
3.740037441253662
3.7381346225738525
3.873354434967041
3.867551326751709
4.064970016479492
3.7506027221679688
3.215303897857666
3.586060047149658
3.500793933868408
3.540898323059082
4.84658145904541
3.5293009281158447
3.668200731277466
3.122887134552002
3.955418586730957
3.687429189682007
3.374556541442871
3.4563863277435303
3.8833868503570557
3.672011137008667
3.454972982406616
3.571464776992798
3.4473280906677246
3.5244157314300537
3.144069194793701
3.2877607345581055
4.05027437210083
3.990922689437866
3.551706552505493
3.47245717048645
3.6892855167388916
3.7151994705200195
4.473803520202637
4.052974700927734
3.9165098667144775
4.222357749938965
4.430512428283691
3.3612515926361084
3.724210023880005
4.117998123168945
3.4782254695892334
3.587433099746704
4.000529766082764
3.5234930515289307
3.710953950881958
4.059694290161133
3.801913022994995
4.091420650482178
3.4909744262695312
4.068303108215332
4.255527973175049
4.017139911651611
4.6866068840026855
3.419466018676758
3.710742712020874
3.447514533996582
3.940173387527466
3.9434635639190674
3.9735071659088135
3.5168991088867188
4.069440841674805
3.5104117393493652
3.391735553741455
3.543164014816284
4.185189247131348
3.7422757148742676
3.482534170150757
3.2923712730407715
4.14609432220459
3.773710012435913
3.3774921894073486
3.6235387325286865
3.9950592517852783
3.7937309741973877
4.00098180770874
3.7562413215637207
4.371193885803223
3.1729631423950195
3.5827441215515137
3.681255578994751
3.729107618331909
3.3771302700042725
3.910893440246582
3.601536512374878
4.057363986968994
3.267612934112549
4.244019031524658
3.9359560012817383
3.611358642578125
3.614492654800415
3.671116590499878
4.330811023712158
3.4873921871185303
3.4212934970855713
3.885840892791748
3.0311198234558105
3.943471670150757
3.545581340789795
3.8807406425476074
3.7608702182769775
3.7866220474243164
3.8465070724487305
3.605517864227295
3.631349563598633
4.137802600860596
3.5115456581115723
3.8221356868743896
3.4990017414093018
3.894921064376831
3.4903392791748047
3.467258930206299
3.6190571784973145
3.895205020904541
3.8346145153045654
3.344883918762207
3.9974372386932373
3.5261008739471436
3.1352930068969727
3.6464555263519287
3.578148603439331
3.9013869762420654
3.4859166145324707
3.8224453926086426
3.8017375469207764
3.544745445251465
3.6050384044647217
3.8973965644836426
3.38858962059021
4.450345516204834
3.8746657371520996
3.854480028152466
4.140830993652344
3.646084785461426
3.791074752807617
4.09906005859375
3.432666301727295
3.767995834350586
3.746025562286377
4.1798624992370605
3.8577513694763184
3.7297422885894775
4.099459648132324
3.832975149154663
3.7979350090026855
4.009062767028809
4.002563953399658
4.361133098602295
4.08067512512207
3.7466659545898438
3.6717312335968018
4.027531623840332
3.8511433601379395
3.5658020973205566
3.572173833847046
2.9447731971740723
3.430784225463867
3.922544479370117
3.587486743927002
3.6525497436523438
4.175891399383545
4.060577869415283
3.5205235481262207
3.48504376411438
3.667067050933838
3.262577772140503
3.9448795318603516
3.5358824729919434
3.5648396015167236
3.592071294784546
3.664792060852051
4.349741458892822
3.04215669631958
3.426851272583008
3.6106841564178467
3.718355655670166
4.057587146759033
3.558783769607544
4.102546691894531
3.8012402057647705
3.2790727615356445
3.9449589252471924
3.692312479019165
3.627211332321167
2.975724935531616
4.024547576904297
3.3298871517181396
4.106428146362305
3.1053707599639893
4.022647857666016
3.6338086128234863
3.666358470916748
4.0373735427856445
4.0363545417785645
3.3545403480529785
4.281790256500244
3.8334426879882812
3.637983560562134
3.401467800140381
3.5316646099090576
4.146766662597656
3.693481206893921
3.4780149459838867
3.7928264141082764
3.5349926948547363
4.401706695556641
3.3423359394073486
3.334374189376831
3.890761375427246
3.5874741077423096
3.7269134521484375
3.2719993591308594
3.7137815952301025
3.667046308517456
4.189294815063477
3.751633882522583
4.017270088195801
3.607844591140747
3.407442808151245
3.7510123252868652
3.386946439743042
3.1595757007598877
3.4204599857330322
3.8715217113494873
4.611443519592285
3.174150228500366
3.377682685852051
3.4022982120513916
4.088815689086914
3.497551918029785
3.9850707054138184
3.72568941116333
3.3918566703796387
3.864206075668335
4.0447211265563965
3.811210870742798
3.5201144218444824
3.628068208694458
3.902959108352661
3.4759392738342285
3.4468331336975098
3.7179503440856934
4.056206226348877
3.6463494300842285
3.3841750621795654
3.8270068168640137
3.2556893825531006
3.6299641132354736
3.9060916900634766
3.3636302947998047
4.113679885864258
3.6691951751708984
3.9513297080993652
3.549210548400879
3.9972262382507324
3.920076847076416
4.226449966430664
3.4508094787597656
3.5733654499053955
3.752434492111206
3.382589340209961
3.218625783920288
3.662216901779175
3.7672817707061768
4.284494400024414
3.521804094314575
3.6661882400512695
3.8709542751312256
3.0061047077178955
3.808828115463257
3.4850027561187744
3.6707637310028076
4.566176414489746
3.6039018630981445
3.689345359802246
4.080239772796631
3.6023995876312256
4.039482593536377
3.502044677734375
3.6439478397369385
3.4917619228363037
3.764402389526367
4.0353264808654785
3.7615067958831787
3.7661404609680176
3.3757107257843018
3.9964098930358887
3.97760009765625
3.6323986053466797
4.221958160400391
4.1840667724609375
3.849062204360962
3.981353521347046
3.6823666095733643
3.815793752670288
4.307299613952637
3.9228343963623047
3.699190855026245
3.29146671295166
4.16638708114624
4.019690036773682
3.6555445194244385
4.318045139312744
3.597919225692749
3.2427282333374023
3.2056310176849365
3.1006555557250977
3.225897789001465
3.6761698722839355
3.531496047973633
3.5745675563812256
3.500227451324463
4.251357078552246
3.8444409370422363
4.221570014953613
3.51279616355896
3.593289613723755
3.4208688735961914
3.207942485809326
4.129637718200684
3.678147077560425
3.8977677822113037
3.8726935386657715
4.0140380859375
4.012079238891602
3.7142508029937744
3.89558744430542
3.4031119346618652
3.9470953941345215
4.187831878662109
3.468489408493042
4.061025619506836
3.55505108833313
3.706667900085449
4.060858249664307
3.654033899307251
4.258557319641113
4.030495643615723
4.146549701690674
3.917576313018799
3.71525502204895
3.4659817218780518
3.927316904067993
3.9889326095581055
3.440192699432373
4.256176471710205
3.512568712234497
3.385993480682373
4.246257305145264
3.596681833267212
3.7644691467285156
3.785332202911377
3.580428123474121
4.177249908447266
3.5189037322998047
3.624660015106201
3.3934848308563232
4.058236122131348
4.545904159545898
3.536358118057251
3.836390972137451
4.067066669464111
3.7066359519958496
3.902061700820923
3.196558713912964
3.7676095962524414
3.801154136657715
3.5595247745513916
3.8834705352783203
3.63450026512146
3.6664226055145264
3.3162198066711426
3.4182770252227783
4.034830570220947
3.604184150695801
3.502484083175659
3.834451675415039
3.1897518634796143
4.053125381469727
4.133388042449951
4.670194149017334
3.6896462440490723
3.4636852741241455
3.5900683403015137
4.079757213592529
3.595904588699341
3.939890146255493
4.146624565124512
3.4893455505371094
3.5078816413879395
3.694136381149292
3.249701738357544
3.6952643394470215
3.673145294189453
4.005664348602295
4.459975719451904
4.237893581390381
3.5119926929473877
3.81732177734375
3.319899559020996
3.722008228302002
4.925490379333496
3.42484450340271
3.7184031009674072
3.860400915145874
3.6375863552093506
4.029582500457764
4.0778584480285645
3.7876739501953125
3.5115087032318115
3.6521553993225098
3.261538028717041
4.151438236236572
4.114623546600342
3.493572473526001
3.4050586223602295
3.375363349914551
3.450211524963379
3.7013394832611084
3.765413284301758
3.4238903522491455
3.846060037612915
3.9254534244537354
3.5024940967559814
3.3129656314849854
3.9263596534729004
3.4429376125335693
3.379791736602783
3.860689640045166
4.406711578369141
4.111636161804199
3.1686012744903564
4.091364860534668
3.835865020751953
3.1336278915405273
4.089792251586914
4.072596549987793
4.19780969619751
3.160250425338745
3.39764404296875
3.6761302947998047
3.900315999984741
3.626126289367676
3.7192063331604004
4.13773250579834
3.6088690757751465
3.5675289630889893
3.44759202003479
3.551811933517456
3.5610904693603516
4.427680015563965
3.694397211074829
3.666232109069824
3.666666030883789
3.916865587234497
3.4200851917266846
3.7186739444732666
3.6837310791015625
3.739454507827759
3.5961995124816895
3.83905029296875
3.5929620265960693
3.358272075653076
3.699625253677368
3.5337610244750977
3.5425515174865723
3.540529251098633
3.689948320388794
3.7736024856567383
3.8783552646636963
4.023709297180176
3.8087432384490967
3.77211594581604
3.6934735774993896
3.577841281890869
4.7196550369262695
3.7753591537475586
3.2125940322875977
3.8068535327911377
3.4374287128448486
3.924083709716797
3.650674343109131
3.7485835552215576
3.1193652153015137
3.206195831298828
3.8429722785949707
4.114145755767822
3.7086219787597656
3.9459939002990723
3.3279411792755127
3.636568069458008
3.9371252059936523
4.197999000549316
3.70378041267395
3.376060724258423
4.460453987121582
3.329944133758545
3.77437424659729
3.4574038982391357
4.098114967346191
3.3546152114868164
3.1793899536132812
3.6153576374053955
3.748741865158081
3.2286131381988525
3.825208902359009
3.583733081817627
3.792987108230591
3.454392433166504
3.962554454803467
3.94407320022583
3.7298405170440674
3.3995330333709717
3.8333122730255127
3.72068190574646
3.579310655593872
3.839714288711548
3.8927996158599854
3.814734697341919
3.2968950271606445
3.884033679962158
3.378439426422119
4.257815361022949
3.3576855659484863
3.4464049339294434
3.6570193767547607
3.9010095596313477
4.091807842254639
4.296095371246338
4.1797356605529785
3.7867891788482666
3.7691731452941895
4.02255392074585
3.0939230918884277
3.6138389110565186
3.8476455211639404
4.1123504638671875
4.070388317108154
3.54304575920105
4.0826334953308105
3.889695644378662
4.181671142578125
3.6550819873809814
4.031362533569336
4.242746353149414
4.060976028442383
3.9952633380889893
3.233926296234131
3.760725975036621
3.8217599391937256
3.9225385189056396
4.303826808929443
3.4792606830596924
3.613218069076538
3.891680955886841
3.9155502319335938
3.5624592304229736
3.833181142807007
3.9058783054351807
4.513248920440674
3.801891565322876
3.5834341049194336
3.26912260055542
3.356795072555542
3.9347922801971436
3.427743911743164
3.6898081302642822
3.608732223510742
3.9116954803466797
3.843344211578369
3.8703815937042236
4.60507869720459
4.030062198638916
3.7326362133026123
3.641697645187378
3.2869560718536377
3.8024816513061523
3.251965284347534
3.721930980682373
3.8142311573028564
3.569002389907837
3.8565144538879395
3.598989486694336
3.727548122406006
3.9532697200775146
3.332265615463257
4.45333194732666
3.231743097305298
3.561178207397461
3.312666654586792
3.518489122390747
3.803344488143921
3.8030903339385986
3.321606159210205
3.1421499252319336
3.2744622230529785
3.7514753341674805
3.5168120861053467
3.3676161766052246
3.599811315536499
3.8073441982269287
3.747591495513916
4.367764472961426
3.8745954036712646
3.8274788856506348
3.5680646896362305
3.631560802459717
4.04071569442749
3.4528541564941406
3.79939866065979
4.2925567626953125
3.5125489234924316
3.851959466934204
4.127563953399658
3.397766590118408
3.2877755165100098
4.31078577041626
3.4455513954162598
3.3667702674865723
3.6302034854888916
4.045067310333252
4.052924633026123
4.147419452667236
3.9531266689300537
3.768381118774414
3.5801804065704346
3.9219019412994385
3.265836000442505
3.835516929626465
3.5980279445648193
3.492156505584717
3.716029167175293
4.216541290283203
3.758650064468384
3.6146738529205322
3.8085110187530518
3.664266347885132
3.644418239593506
4.067025184631348
3.5500426292419434
4.006500244140625
3.488551616668701
3.7969136238098145
3.6951398849487305
3.5934622287750244
3.8579463958740234
3.5031349658966064
3.433854579925537
3.6310877799987793
3.517874240875244
3.999433994293213
3.7630276679992676
3.4235126972198486
3.638692617416382
4.221340179443359
3.823939561843872
3.7344419956207275
2.6153876781463623
3.776479721069336
4.009042739868164
4.048824787139893
3.6398110389709473
3.793104887008667
3.7385330200195312
3.800567388534546
3.3028438091278076
3.6808204650878906
3.8787481784820557
3.9678359031677246
3.354011297225952
3.653130531311035
4.7196855545043945
3.865993022918701
4.092953205108643
4.042202472686768
3.8513171672821045
3.6352245807647705
3.407733917236328
3.040682554244995
3.266144275665283
3.512411117553711
3.4721269607543945
3.3345727920532227
3.7529962062835693
3.838456153869629
3.4316487312316895
3.258539915084839
3.9062936305999756
3.7763831615448
3.725621223449707
3.394585609436035
3.628822088241577
3.946352005004883
3.6317100524902344
3.7567639350891113
4.134555339813232
4.016334056854248
3.543123483657837
3.361555814743042
3.661989212036133
3.489590644836426
4.30995512008667
3.4360039234161377
3.9740660190582275
3.458885908126831
3.8810532093048096
3.7314653396606445
3.3108530044555664
3.6706137657165527
3.5798773765563965
3.2021565437316895
3.234135389328003
3.9938652515411377
3.6325318813323975
3.6128616333007812
3.5074007511138916
3.9624693393707275
3.4384946823120117
3.419952154159546
3.486506462097168
3.8730034828186035
3.9944422245025635
4.0570268630981445
4.019062042236328
3.9157907962799072
3.2774100303649902
4.090395927429199
3.477860689163208
3.1214165687561035
3.4329240322113037
3.5906543731689453
3.534510850906372
3.836998462677002
4.217835903167725
3.753565788269043
3.8678717613220215
3.814542531967163
4.292885780334473
3.9218006134033203
3.742374897003174
3.151789426803589
4.054353713989258
3.74861741065979
3.8045949935913086
3.4677305221557617
3.897777557373047
3.111978530883789
3.4813923835754395
3.7840778827667236
3.595942735671997
3.4820656776428223
3.4172301292419434
3.2794036865234375
3.423942804336548
3.415062665939331
3.698577642440796
3.8192641735076904
3.7680201530456543
3.6054186820983887
4.048328876495361
3.6240074634552
3.495297431945801
3.8378021717071533
3.4206526279449463
3.4887266159057617
3.3315141201019287
3.5198729038238525
3.6245925426483154
4.118424892425537
3.4003796577453613
3.573894500732422
3.5832083225250244
2.923757791519165
4.401787281036377
3.5302138328552246
3.4744021892547607
4.145500659942627
3.381476402282715
4.188994407653809
3.519318103790283
3.5222959518432617
3.5670089721679688
4.353363513946533
4.297608375549316
4.13796854019165
2.998940944671631
4.25345516204834
4.775519371032715
3.962527275085449
3.6819639205932617
3.9007537364959717
3.714582681655884
3.603641986846924
3.351142168045044
3.351041555404663
3.492825508117676
3.812593698501587
4.100063800811768
3.9482316970825195
4.091915607452393
3.415534496307373
3.6029322147369385
3.6926393508911133
3.4019851684570312
4.180662631988525
3.5929174423217773
3.5999205112457275
3.649407386779785
3.3460230827331543
3.563778877258301
3.4743285179138184
3.682197093963623
3.6353726387023926
3.684499979019165
3.8795526027679443
3.544074773788452
3.5053250789642334
3.654583692550659
3.987257480621338
3.4174304008483887
3.5864663124084473
4.245100498199463
3.573359251022339
3.8489062786102295
3.6540565490722656
3.9887077808380127
3.7563109397888184
3.1529698371887207
3.936727523803711
3.571648359298706
3.7659833431243896
4.006847858428955
3.686136245727539
3.3322622776031494
3.6084203720092773
3.729702949523926
3.8171069622039795
4.078324794769287
3.5418543815612793
3.7167809009552
3.5700197219848633
3.7250354290008545
3.2417495250701904
3.610772132873535
4.302806377410889
4.05182409286499
3.5522677898406982
3.5690157413482666
3.0956287384033203
3.449310541152954
3.76973295211792
3.7263541221618652
4.1987762451171875
3.6366915702819824
3.3121373653411865
4.245290279388428
4.297194004058838
3.9952552318573
3.5097737312316895
3.616203784942627
4.95890474319458
3.1123218536376953
4.297983169555664
3.529965400695801
3.1839723587036133
3.918757677078247
3.9429914951324463
3.7803850173950195
3.8793461322784424
3.8082752227783203
3.1234617233276367
3.4196431636810303
3.6487174034118652
3.4686596393585205
4.306106090545654
3.9859044551849365
3.9424633979797363
3.638441562652588
3.8080968856811523
3.458749532699585
4.068844795227051
3.7189290523529053
3.5744738578796387
3.6841397285461426
3.6634609699249268
3.4427568912506104
4.132692337036133
4.072510242462158
3.309014081954956
3.4510464668273926
4.02065372467041
3.49415922164917
3.74735689163208
3.0458645820617676
3.7810614109039307
3.4515228271484375
3.613865375518799
3.6084282398223877
4.942754745483398
3.3992226123809814
3.7006943225860596
3.53623628616333
3.641040325164795
4.1490302085876465
3.777492046356201
3.929861068725586
3.816159725189209
3.3850622177124023
4.005234241485596
4.177868843078613
3.9965806007385254
3.6934781074523926
3.815617561340332
3.103062391281128
4.298801422119141
3.786456823348999
3.96154522895813
3.4758505821228027
3.57293963432312
3.854121446609497
3.9469151496887207
3.7514801025390625
3.3929996490478516
3.49185848236084
3.551091194152832
3.637470245361328
3.4431374073028564
3.732736110687256
4.038139343261719
3.7076480388641357
3.3464903831481934
3.701294422149658
3.8664615154266357
3.8353593349456787
4.29295015335083
3.880556344985962
3.8141472339630127
3.9048917293548584
3.3319473266601562
3.949810266494751
4.319728374481201
4.064273834228516
3.834470272064209
3.9642510414123535
3.639671802520752
3.559514284133911
3.537465810775757
3.721614122390747
3.613637924194336
3.7335848808288574
3.428518295288086
4.391717910766602
3.5775978565216064
3.797427177429199
4.230600833892822
4.077782154083252
4.051664352416992
3.540029287338257
4.120692729949951
3.7030560970306396
3.3762094974517822
3.326251268386841
4.044785976409912
3.7310903072357178
3.31404447555542
3.851094961166382
3.8174641132354736
3.4772324562072754
3.7541656494140625
3.544829845428467
3.52618408203125
3.943861722946167
3.6843338012695312
3.222339391708374
4.498388290405273
3.312413215637207
4.695688724517822
3.975952625274658
3.786465644836426
3.6402482986450195
3.3947250843048096
3.2773172855377197
3.9905202388763428
3.560110569000244
3.4600369930267334
3.3559951782226562
3.145416021347046
4.015395641326904
3.4261744022369385
3.8384339809417725
4.539368152618408
3.4784789085388184
3.9183995723724365
3.5149142742156982
3.7107300758361816
3.3050243854522705
3.9111568927764893
3.6134674549102783
3.2635443210601807
3.954457998275757
3.6768059730529785
3.8045814037323
3.4635050296783447
4.111201763153076
4.425965309143066
3.785844564437866
4.344106674194336
3.8936643600463867
4.034389495849609
3.4584450721740723
4.033095359802246
3.6475584506988525
3.667891025543213
3.5056357383728027
3.82521915435791
3.9338932037353516
3.954792022705078
3.852867364883423
3.8256423473358154
3.5139591693878174
4.003013610839844
3.5019497871398926
4.178624153137207
3.713507890701294
3.244532346725464
4.103501319885254
4.628403186798096
3.9571056365966797
3.6723504066467285
3.838062286376953
3.9659159183502197
4.032707691192627
3.2801811695098877
3.907905340194702
3.406273365020752
3.7708449363708496
3.362642765045166
3.40317702293396
3.3205697536468506
3.3766720294952393
4.109738349914551
3.3177425861358643
3.5985820293426514
4.18878173828125
3.391512155532837
3.294846296310425
3.6682746410369873
3.5309295654296875
3.5613205432891846
3.937361001968384
3.9494690895080566
3.6991117000579834
3.69120192527771
3.5796566009521484
3.7321507930755615
4.524794101715088
3.8924667835235596
3.6727678775787354
3.4565088748931885
3.946120262145996
4.461419582366943
3.871553659439087
3.9485416412353516
3.2873847484588623
3.7474148273468018
3.378204107284546
4.06488561630249
3.893784999847412
3.9739015102386475
3.7346129417419434
3.7520864009857178
3.3302547931671143
3.5045855045318604
3.55595064163208
3.5281357765197754
3.6764214038848877
4.204651832580566
3.8559446334838867
3.650146007537842
3.7768895626068115
3.9930543899536133
3.566739082336426
3.9309165477752686
3.096017837524414
4.263141632080078
3.4956576824188232
3.3369905948638916
3.608914613723755
3.892592191696167
3.739877462387085
3.634129047393799
3.559884548187256
3.8887991905212402
3.6418533325195312
3.461684465408325
3.8012657165527344
4.053620338439941
3.8425204753875732
4.089879512786865
3.934849739074707
3.769028425216675
3.5708701610565186
3.9413297176361084
3.826066732406616
3.603076219558716
3.9375648498535156
4.138449668884277
3.300168514251709
3.743980884552002
3.6327662467956543
3.6829917430877686
3.770728349685669
3.5206103324890137
3.438063859939575
3.5149288177490234
3.629805564880371
3.443453311920166
3.402488946914673
2.743727445602417
3.9229283332824707
3.8341174125671387
3.5550856590270996
3.52639102935791
3.6573591232299805
3.398165702819824
3.6421256065368652
4.152325630187988
3.1435742378234863
4.263459205627441
3.870342254638672
4.089542388916016
3.8507847785949707
3.5066099166870117
3.3086330890655518
3.720433473587036
3.4662833213806152
4.237482070922852
4.131356716156006
3.5866386890411377
3.6867406368255615
3.3459630012512207
3.5089778900146484
3.913025140762329
4.562897205352783
3.876018524169922
4.051713943481445
3.8720662593841553
3.407226324081421
3.6737446784973145
4.4808573722839355
4.317679405212402
2.9394495487213135
3.446208953857422
3.3070785999298096
3.271590232849121
3.4074325561523438
3.579922914505005
3.3834033012390137
3.591555118560791
3.8263304233551025
3.638543128967285
3.4175753593444824
3.859464645385742
3.3907859325408936
3.706777572631836
4.217398166656494
4.470148086547852
4.10065221786499
3.7222836017608643
3.7551190853118896
3.319521903991699
3.6904003620147705
3.8463854789733887
3.8209335803985596
3.987879991531372
3.620027780532837
3.1933393478393555
3.9666800498962402
3.8529856204986572
4.126081943511963
3.445070743560791
3.590435028076172
3.4295876026153564
3.9050886631011963
3.9117631912231445
4.087547302246094
3.166297435760498
3.4083094596862793
3.83315372467041
3.659993886947632
3.6176767349243164
3.580885171890259
3.98675537109375
3.342686891555786
3.577880859375
3.860607385635376
3.923548460006714
4.408151626586914
3.857689619064331
3.988187074661255
4.364771842956543
3.9474122524261475
3.2788655757904053
3.438143730163574
3.3772897720336914
3.542587995529175
3.818483829498291
3.7268319129943848
3.756779670715332
3.5772392749786377
3.5583996772766113
3.9421467781066895
3.3609089851379395
3.9005651473999023
3.3500099182128906
